11370
11371
11372
11373
11609
12019
15774
15986
16661
16701
16838
16982
17555
17647
17856
18108
18177
18184
18360
18361
18362
18448
18461
18509
18771
18871
19162
19261
19264
19867
25072
25167
25192
26642
26767
27266
27285
27303
27314
27469
27577
27642
27757
28057
30008
30127
30136
30553
30554
30583
30591
30652
30653
30663
30957
31069
31121
31125
31192
31198
34465
34471
34472
36582
50300
50476
50712
50761
52158
52223
52602
52603
53285
5923
5925
10040
10215
11092
11281
11288
11379
15106
15137
15211
15290
15303
16039
16040
16062
16237
16905
17255
17526
17607
17857
17955
18041
18145
18180
18437
18788
19003
19193
19491
19632
19682
19907
19954
25446
25598
25735
26553
30134
30205
30309
30827
30875
30953
31060
31178
34006
34194
34336
34459
34532
34548
34736
34801
36018
36633
50985
5145
5868
6589
7087
