1062
4030
4032
4035
4038
4047
4049
4052
4056
4060
4061
4079
4082
4083
4084
4087
4091
4092
4094
4097
4102
4106
4109
4113
4115
4122
4132
4134
4149
4152
4161
4162
4183
4188
4193
4202
4214
4215
4236
4242
4251
4254
4267
4272
4297
4304
4305
4315
4321
4323
4326
4327
4339
4340
4354
4356
4360
4369
4378
4379
4384
4386
4388
4397
4413
4417
4421
4425
4437
4438
4470
4473
4553
4554
4558
4560
4562
4567
4568
4573
4636
4637
4675
4679
4704
4716
4717
4718
4722
4735
4765
4769
4771
4779
4786
4794
4797
4803
4821
4829
4834
4839
4840
4843
4849
4860
4876
4879
4884
4885
4892
4897
4936
4940
4954
4965
4972
4983
4987
4989
4992
4998
5003
5008
5022
5031
5042
5071
5081
5107
5130
5155
5161
5182
5194
5209
5222
5223
5224
5226
5237
5258
5261
5267
5269
5270
5275
5314
5343
5347
5349
5350
5368
5392
5393
5404
5456
5458
5462
5465
5468
5472
5482
5484
5485
5496
5497
5505
5506
5513
5516
5532
5539
5547
5571
5579
5594
5599
5601
5618
5623
5627
5631
5658
5665
5666
5678
5679
5685
5688
5709
5712
5719
5721
5738
5741
5742
5752
5756
5759
5761
5766
5772
5789
5792
5794
5799
5805
5819
5821
5824
5827
5843
5856
5863
5868
5878
5887
5891
5892
5897
5898
5935
5940
5943
5946
5952
5955
5958
5967
5981
5991
5999
6007
6014
6015
6024
6034
6043
6057
6058
6071
6073
6074
6075
6080
6090
6093
6111
6114
6116
6122
6126
6127
6136
6148
6150
6181
6183
6184
6193
6197
6210
6212
6223
6224
6226
6231
6236
6252
6277
6279
6292
6298
6305
6317
6321
6332
6334
6338
6342
6346
6348
6372
6373
6375
6381
6384
6391
6399
6404
6406
6410
6416
6418
6442
6452
6455
6468
6494
6501
6502
6503
6506
6510
6531
6542
6546
6567
6575
6578
6585
6589
6590
6605
6611
6617
6621
6625
6628
6646
6658
6685
6695
6696
6700
6711
6722
6730
6744
6754
6758
6760
6776
6779
6783
6785
6787
6801
6821
6824
6828
6829
6832
6838
6843
6868
6874
6876
6877
6882
6884
6900
6911
6913
6922
6923
6925
6932
6939
6940
6950
6956
6960
6970
6973
6980
6983
6984
6986
7003
7055
7061
7070
7075
7083
7107
7115
7130
7131
7132
7138
7165
7172
7178
7188
7210
7216
7219
7220
7234
7240
7242
7249
7250
7264
7270
7272
7301
7359
10010
10011
10052
10053
10078
10092
10096
10104
10137
11013
11034
11055
15008
15013
15032
15038
15048
15057
15064
15070
15077
15084
15088
15092
15111
15120
15121
15162
15170
15177
15178
15209
15219
15240
15243
15249
15250
15253
15264
15265
15271
15276
15277
15280
15281
15303
15317
15332
15369
15372
15385
15388
15412
15424
15426
15444
15452
15474
15498
15501
15504
15505
15511
15514
15518
15520
15530
15531
15536
15541
15548
15560
15578
15597
15602
15643
15653
15669
15680
15703
15706
15741
15744
15760
15764
15769
15796
15800
15808
15813
15844
15877
15882
15883
15885
15911
15913
15945
