10008
10009
10011
10012
10013
10019
10022
10024
10025
10026
10027
10028
10029
10030
10031
10032
10033
10035
10036
10038
10041
10044
10045
10047
10048
10049
10050
10057
10058
10059
10060
10061
10063
10064
10065
10067
10068
10069
10071
10072
10073
10074
10075
10076
10077
10080
10081
10082
10083
10084
10085
10086
10088
10089
10090
10091
10093
10095
10097
10098
10099
10100
10102
10103
10104
10107
10108
10110
10111
10112
10113
10114
10115
10118
10120
10121
10122
10123
10125
10126
10127
10128
10129
10131
10142
10143
10146
10148
10149
10150
10154
10158
10159
10162
10163
10164
10193
10195
10200
10212
10240
10241
10244
10245
10246
10247
10249
10250
10251
10252
10253
10254
10256
10257
10258
10259
10260
10262
10263
10265
10266
10267
10268
10269
10271
10273
10274
10275
10276
10277
10279
10281
10282
10283
10284
10285
10287
10289
10291
10292
10293
10294
10295
10297
10298
10301
10302
10308
10311
10313
10314
10317
10319
10320
10321
10322
10323
10324
10325
10326
10327
10328
10332
10333
10334
10335
10337
11002
11009
11011
11030
11031
11034
11038
11041
11042
11054
11055
11060
11061
11064
11067
11073
11075
11080
11084
11086
11088
11089
11096
11097
11098
11102
11103
11104
11105
11106
11107
11108
11109
11110
11111
11113
11116
11117
11118
11119
11120
11121
11125
11127
11128
11129
11130
11132
11133
11134
11135
11136
11137
11138
11139
11140
11141
11143
11144
11145
11146
11148
11151
11152
11154
11156
11158
11159
11161
11162
11164
11173
11175
11178
11180
11182
11183
11185
11186
11187
11188
11189
11191
11192
11193
11195
11196
11197
11199
11200
11201
11202
11203
11204
11206
11207
11209
11211
11212
11213
11214
11216
11217
11218
11219
11220
11221
11222
11223
11224
11226
11227
11228
11232
11234
11235
11237
11240
11242
11244
11246
11247
11250
11251
11252
11253
11254
11255
11256
11257
11260
11261
11264
11265
11266
11267
11268
11269
11270
11271
11272
11273
11274
11275
11278
11279
11280
11282
11283
11284
11285
11286
11287
11289
11291
11292
11293
11294
11295
11297
11299
11300
11301
11302
11305
11306
11307
11308
11309
11310
11311
11313
11315
11317
11319
11320
11322
11323
11325
11326
11328
11329
11330
11331
11332
11334
11337
11338
11339
11340
11343
11345
11346
11348
11350
11351
11352
11354
11355
11357
11363
11364
11368
11377
11378
11405
11409
11417
11422
11423
11426
11428
11440
11443
11450
11451
11456
11457
11463
11471
11473
11491
11497
11499
11500
11502
11505
11507
11508
11527
11543
11563
11569
11570
11575
11580
11582
11590
11591
11592
11596
11597
11599
11601
11604
11605
11606
15000
15008
15009
15010
15011
15014
15016
15020
15023
15032
15039
15045
15046
15055
15059
15060
15063
15072
15074
15084
15088
15090
15098
15099
15109
15110
15111
15117
15120
15126
15127
15128
15133
15150
15152
15154
15158
15160
15168
15174
15189
15192
15206
15208
15210
15213
15215
15217
15218
15226
15240
15243
15246
15247
15248
15252
15257
15259
15265
15268
15269
15270
15275
15279
15281
15288
15295
15312
15313
15314
15315
15320
15322
15325
15329
15334
15344
15345
15347
15350
15351
15352
15353
15354
15358
15364
15371
15373
15374
15377
15388
15393
15394
15399
15400
15407
15411
15415
15418
15419
15423
15427
15437
15438
15440
15442
15444
15449
15451
15452
15456
15457
15458
15466
15471
15477
15478
15485
15487
15488
15490
15491
15504
15509
15511
15512
15520
15524
15535
15536
15537
15543
15547
15550
15553
15562
15574
15575
15576
15579
15585
15591
15592
15593
15601
15605
15607
15608
15609
15611
15615
15616
15617
15622
15624
15625
15633
15634
15635
15636
15637
15642
15644
15645
15651
15660
15670
15673
15676
15677
15678
15679
15685
15687
15691
15692
15695
15698
15702
15717
15718
15721
15723
15728
15740
15743
15744
15755
15756
15758
15761
15762
15775
15776
15777
15779
15785
15788
15789
15793
15795
15796
15804
15807
15810
15812
15816
15823
15828
15834
15835
15836
15839
15841
15843
15845
15850
15851
15852
15855
15864
15866
15876
15877
15879
15880
15882
15885
15896
15916
15919
15922
15924
15925
15926
15931
15932
15938
15939
15941
15943
15949
15950
15951
15958
15964
15965
15966
15977
15983
15988
15989
15995
16002
16005
16006
16007
16010
16012
16014
16016
16020
16022
16023
16030
16031
16032
16034
16037
16042
16045
16051
16053
16057
16063
16064
16065
16066
16068
16072
16082
16083
16084
16089
16090
16091
16093
16097
16098
16099
16102
16103
16107
16109
16110
16111
16113
16114
16116
16117
16118
16122
16126
16127
16129
16135
16136
16137
16139
16141
16142
16145
16150
16151
16152
16153
16155
16157
16161
16164
16167
16168
16173
16176
16179
16180
16181
16183
16184
16185
16191
16192
16193
16195
16196
16211
16214
16219
16231
16233
16236
16238
16240
16241
16248
16249
16251
16256
16258
16260
16263
16264
16265
16270
16271
16272
16276
16277
16278
16284
16293
16297
16298
16311
16312
16315
16316
16317
16319
16320
16321
16325
16328
16335
16339
16347
16349
16350
16353
16355
16361
16363
16364
16365
16366
16370
16371
16372
16373
16376
16378
16380
16384
16385
16387
16388
16389
16390
16396
16400
16403
16404
16405
16408
16411
16413
16425
16426
16441
16442
16465
16466
16467
16468
16472
16476
16480
16481
16485
16486
16492
16496
16497
16498
16505
16515
16518
16519
16520
16523
16534
16544
16545
16549
16558
16559
16561
16562
16576
16578
16587
16590
16592
16594
16596
16606
16607
16608
16610
16611
16612
16616
16617
16624
16629
16632
16636
16640
16641
16646
16648
16649
16652
16653
16662
16670
16671
16672
16677
16679
16681
16683
16684
16686
16690
16693
16694
16696
16697
16706
16715
16720
16721
16722
16723
16732
16733
16734
16739
16743
16744
16746
16747
16764
16767
16768
16770
16771
16772
16774
16775
16776
16779
16789
16790
16791
16794
16795
16796
16801
16806
16808
16811
16812
16817
16819
16831
16832
16835
16839
16840
16842
16853
16856
16860
16861
16864
16865
16871
16872
16880
16881
16882
16885
16886
16895
16897
16909
16910
16918
16920
16922
16923
16927
16929
16930
16932
16935
16957
16959
16970
16971
16977
16983
16986
16989
16994
16996
16997
16998
17000
17002
17005
17006
17007
17008
17009
17011
17015
17019
17020
17023
17024
17025
17028
17035
17039
17041
17044
17045
17046
17047
17050
17062
17066
17073
17081
17082
17087
17090
17104
17105
17110
17111
17127
17128
17138
17145
17147
17149
17157
17158
17160
17161
17165
17166
17174
17175
17196
17200
17202
17203
17213
17232
17237
17238
17239
17241
17243
17246
17247
17258
17260
17262
17264
17265
17266
17267
17270
17272
17275
17277
17279
17283
17284
17288
17289
17298
17304
17306
17314
17315
17318
17319
17322
17324
17329
17343
17344
17350
17352
17353
17355
17358
17362
17363
17365
17371
17374
17376
17381
17384
17389
17390
17391
17399
17402
17403
17407
17414
17415
17418
17421
17424
17429
17431
17433
17435
17443
17448
17451
17475
17477
17478
17481
17485
17490
17491
17492
17493
17494
17495
17496
17499
17501
17502
17508
17509
17512
17514
17518
17519
17523
17525
17530
17533
17534
17536
17538
17542
17543
17545
17546
17551
17553
17554
17561
17570
17571
17576
17577
17578
17579
17582
17583
17586
17588
17589
17595
17596
17599
17600
17603
17604
17606
17608
17609
17612
17613
17614
17615
17618
17619
17621
17627
17628
17632
17633
17635
17636
17645
17646
17651
17653
17668
17673
17680
17683
17685
17686
17687
17690
17691
17693
17695
17702
17703
17710
17713
17717
17720
17729
17736
17739
17740
17741
17742
17745
17747
17749
17750
17752
17753
17762
17767
17768
17771
17772
17775
17776
17780
17784
17792
17803
17805
17807
17808
17812
17813
17815
17818
17824
17830
17832
17834
17835
17838
17839
17840
17841
17842
17843
17846
17848
17849
17850
17851
17855
17858
17862
17867
17879
17883
17884
17889
17891
17906
17911
17912
17913
17914
17918
17923
17927
17928
17930
17931
17934
17935
17936
17939
17953
17962
17964
17967
17968
17974
17985
17991
17993
17995
17998
18000
18001
18002
18003
18004
18005
18006
18012
18017
18018
18019
18027
18028
18029
18032
18043
18046
18048
18053
18080
18082
18084
18086
18091
18093
18094
18095
18096
18097
18103
18107
18111
18112
18114
18115
18118
18121
18125
18126
18130
18134
18135
18142
18151
18152
18153
18158
18161
18165
18166
18167
18169
18170
18178
18179
18181
18187
18190
18191
18192
18193
18195
18201
18202
18203
18204
18205
18210
18211
18217
18219
18221
18222
18228
18229
18235
18236
18237
18238
18242
18250
18256
18260
18261
18262
18269
18277
18278
18280
18281
18283
18292
18296
18297
18298
18302
18313
18316
18317
18320
18321
18322
18323
18324
18328
18329
18333
18337
18338
18339
18340
18346
18352
18356
18358
18363
18364
18372
18374
18375
18381
18393
18398
18399
18400
18404
18411
18416
18422
18425
18426
18429
18431
18432
18433
18434
18435
18439
18440
18441
18455
18459
18462
18464
18466
18467
18468
18474
18475
18484
18490
18493
18497
18504
18505
18508
18514
18517
18518
18519
18520
18521
18522
18523
18526
18533
18535
18539
18542
18546
18548
18550
18553
18555
18557
18559
18560
18561
18568
18569
18572
18581
18582
18586
18587
18592
18595
18596
18602
18603
18606
18607
18613
18614
18615
18617
18618
18622
18623
18624
18634
18642
18643
18644
18648
18649
18650
18653
18654
18655
18657
18662
18668
18673
18677
18678
18680
18681
18682
18700
18701
18702
18703
18706
18709
18711
18714
18715
18717
18720
18728
18732
18733
18734
18749
18753
18755
18758
18761
18766
18782
18787
18792
18793
18797
18799
18800
18802
18804
18806
18807
18808
18813
18816
18822
18824
18825
18831
18832
18833
18840
18842
18843
18845
18850
18855
18856
18868
18874
18883
18887
18888
18905
18908
18909
18912
18916
18917
18919
18927
18928
18939
18944
18946
18953
18954
18956
18966
18967
18972
18976
18982
18986
18989
18990
18991
19000
19002
19007
19009
19012
19013
19014
19023
19033
19034
19036
19043
19045
19048
19049
19050
19067
19068
19069
19082
19085
19088
19108
19115
19124
19125
19126
19139
19145
19147
19148
19149
19151
19152
19153
19163
19164
19178
19179
19185
19187
19190
19192
19194
19203
19205
19210
19211
19212
19216
19229
19230
19235
19242
19248
19251
19258
19263
19288
19290
19297
19298
19305
19306
19312
19314
19317
19318
19319
19327
19368
19376
19395
19404
19416
19424
19425
19431
19433
19436
19439
19444
19474
19479
19486
19508
19512
19516
19525
19530
19536
19538
19542
19544
19550
19552
19554
19555
19556
19562
19568
19577
19581
19582
19585
19586
19587
19595
19604
19605
19606
19607
19608
19613
19617
19619
19623
19625
19627
19628
19633
19635
19637
19642
19643
19646
19654
19657
19660
19666
19667
19668
19670
19675
19677
19678
19681
19683
19685
19699
19700
19703
19707
19709
19710
19713
19719
19726
19727
19738
19739
19747
19751
19752
19755
19764
19766
19771
19773
19774
19776
19779
19787
19788
19789
19791
19792
19797
19798
19799
19800
19806
19807
19811
19817
19822
19824
19828
19833
19834
19835
19836
19837
19841
19842
19843
19845
19851
19854
19856
19859
19860
19870
19876
19880
19882
19901
19902
19904
19911
19913
19914
19915
19921
19922
19929
19938
19940
19942
19943
19945
19947
19948
19949
19953
19955
19959
19960
19961
19966
19972
19973
19976
19982
19987
19988
19994
19996
20074
20110
25001
25002
25003
25005
25018
25024
25032
25033
25036
25037
25038
25040
25043
25047
25048
25050
25061
25065
25066
25067
25068
25069
25070
25071
25079
25080
25083
25085
25086
25088
25093
25102
25104
25109
25123
25127
25130
25135
25137
25139
25142
25147
25148
25149
25150
25151
25153
25154
25156
25157
25158
25165
25169
25171
25174
25177
25181
25186
25188
25195
25217
25219
25221
25229
25230
25240
25241
25242
25250
25251
25260
25269
25271
25274
25275
25277
25281
25289
25294
25298
25299
25308
25324
25343
25350
25363
25366
25368
25370
25372
25381
25395
25397
25402
25404
25405
25423
25428
25433
25434
25435
25436
25439
25442
25443
25449
25451
25453
25454
25459
25461
25464
25468
25474
25476
25483
25487
25491
25493
25495
25496
25497
25498
25499
25502
25504
25505
25510
25513
25516
25519
25527
25540
25543
25545
25548
25552
25556
25558
25559
25560
25562
25564
25565
25568
25570
25573
25576
25577
25584
25585
25588
25593
25595
25599
25602
25605
25609
25611
25613
25627
25634
25639
25640
25643
25645
25650
25657
25658
25660
25662
25663
25664
25665
25667
25668
25677
25684
25685
25690
25691
25692
25693
25694
25700
25705
25706
25710
25716
25718
25719
25722
25727
25729
25732
25734
25736
25740
25742
25744
25748
25750
25757
25758
25761
25763
25766
25778
25782
25788
25789
25790
25791
25793
25797
25798
25801
25803
25806
25807
25810
25816
25817
25819
25821
25828
25829
25830
25831
25833
25834
25835
25836
25837
25839
25847
25848
25849
25850
25852
25853
25854
25855
25856
25865
25866
25868
25870
25872
25874
25877
25881
25883
25887
25888
25899
25901
25907
25909
25918
25919
25920
25923
25924
25927
25929
25933
25935
25943
25944
25945
25956
25957
25959
25965
25967
25970
25972
25975
25976
25986
25987
25993
25994
26002
26003
26004
26010
26016
26022
26031
26035
26045
26046
26047
26052
26053
26054
26057
26059
26061
26062
26065
26066
26312
26321
26328
26329
26518
26541
26547
26564
26586
26590
26599
26631
26640
26658
26705
26748
26753
26763
26771
26814
26832
26833
26835
26836
26838
26847
26852
26866
26879
26886
26914
26932
26933
26945
26957
26989
27017
27039
27046
27079
27086
27094
27095
27130
27133
27135
27145
27190
27209
27262
27302
27395
27411
27429
27430
27431
27447
27459
27508
27571
27587
27594
27612
27693
27697
27729
27771
27781
27798
27799
27838
27934
27952
27968
27977
27981
28034
28063
28092
28097
28117
30000
30002
30009
30011
30019
30020
30021
30023
30028
30030
30031
30032
30037
30039
30040
30042
30063
30064
30065
30066
30067
30071
30072
30073
30074
30075
30076
30079
30080
30081
30082
30083
30084
30085
30086
30087
30088
30101
30102
30118
30119
30120
30124
30126
30129
30130
30135
30137
30139
30141
30142
30143
30144
30145
30147
30150
30152
30154
30156
30160
30164
30170
30177
30180
30181
30186
30190
30192
30195
30196
30201
30206
30209
30210
30220
30221
30222
30225
30226
30231
30232
30233
30235
30240
30241
30242
30243
30245
30246
30247
30249
30258
30263
30267
30271
30273
30276
30281
30285
30286
30288
30289
30293
30295
30296
30297
30298
30300
30301
30304
30307
30312
30313
30314
30315
30317
30319
30320
30321
30322
30325
30326
30327
30330
30331
30333
30334
30338
30340
30348
30349
30350
30352
30353
30370
30372
30374
30375
30376
30377
30379
30389
30390
30391
30394
30396
30397
30398
30399
30404
30408
30409
30410
30416
30419
30421
30422
30427
30428
30429
30430
30431
30432
30433
30436
30438
30440
30441
30442
30443
30450
30451
30456
30457
30458
30469
30471
30472
30474
30475
30476
30479
30480
30481
30487
30488
30493
30494
30495
30501
30502
30503
30505
30511
30513
30514
30515
30516
30517
30518
30520
30521
30523
30524
30525
30527
30531
30537
30538
30551
30555
30556
30561
30569
30571
30572
30573
30574
30575
30579
30580
30584
30585
30590
30592
30593
30594
30598
30599
30600
30601
30603
30604
30605
30606
30608
30610
30623
30626
30627
30628
30629
30632
30633
30634
30635
30636
30637
30638
30646
30648
30650
30655
30657
30672
30676
30677
30678
30680
30681
30684
30686
30687
30690
30693
30695
30703
30704
30705
30706
30707
30708
30716
30718
30720
30721
30722
30725
30727
30736
30737
30738
30739
30740
30746
30747
30748
30749
30753
30754
30755
30756
30757
30758
30760
30761
30763
30765
30767
30768
30770
30773
30774
30778
30779
30783
30784
30792
30796
30799
30800
30801
30802
30807
30808
30809
30810
30814
30819
30821
30826
30834
30842
30850
30854
30855
30856
30857
30858
30861
30863
30864
30866
30867
30870
30871
30874
30876
30877
30880
30881
30882
30884
30885
30886
30890
30891
30892
30893
30894
30896
30899
30904
30908
30909
30910
30912
30913
30915
30916
30917
30918
30919
30920
30921
30922
30927
30931
30933
30936
30939
30941
30943
30944
30945
30951
30952
30955
30958
30959
30960
30962
30969
30970
30971
30974
30975
30976
30977
30985
30986
30993
30995
31004
31010
31011
31013
31015
31018
31020
31025
31026
31027
31028
31030
31033
31034
31039
31040
31044
31045
31047
31054
31063
31065
31066
31070
31073
31075
31081
31083
31085
31088
31094
31095
31097
31100
31101
31103
31105
31107
31108
31111
31112
31124
31126
31128
31129
31130
31134
31136
31137
31138
31139
31150
31151
31152
31155
31167
31168
31173
31174
31175
31177
31180
31181
31187
31205
31212
31214
31215
31226
31227
31231
31233
31234
31236
31237
31264
31287
3322
34000
34001
34002
34003
34004
34005
34007
34008
34012
34013
34019
34026
34027
34030
34031
34032
34036
34037
34041
34043
34044
34045
34046
34047
34048
34049
34050
34052
34055
34057
34058
34064
34067
34068
34072
34073
34074
34076
34077
34078
34079
34080
34082
34088
34089
34090
34094
34095
34102
34103
34110
34111
34112
34113
34114
34115
34120
34121
34123
34126
34127
34131
34132
34133
34139
34140
34141
34142
34143
34146
34149
34151
34153
34154
34155
34161
34163
34167
34169
34170
34172
34173
34175
34176
34178
34179
34180
34181
34182
34183
34184
34185
34187
34188
34189
34190
34191
34193
34200
34201
34202
34211
34218
34220
34223
34224
34226
34232
34235
34236
34239
34243
34246
34249
34256
34257
34258
34259
34261
34262
34268
34278
34279
34281
34282
34285
34286
34288
34289
34290
34292
34294
34295
34298
34299
34303
34305
34307
34308
34309
34314
34315
34316
34317
34318
34322
34325
34326
34329
34330
34333
34341
34351
34354
34355
34358
34359
34360
34361
34362
34365
34369
34371
34373
34376
34379
34381
34383
34385
34392
34393
34394
34395
34399
34401
34406
34407
34408
34417
34421
34422
34423
34425
34427
34430
34434
34437
34439
34443
34446
34447
34448
34449
34450
34451
34452
34453
34455
34457
34462
34463
34464
34473
34474
34475
34476
34478
34481
34485
34486
34488
34489
34490
34496
34498
34503
34506
34507
34508
34509
34510
34511
34512
34514
34515
34517
34518
34519
34520
34521
34522
34523
34526
34527
34531
34535
34536
34537
34539
34540
34541
34550
34552
34554
34555
34556
34560
34567
34568
34569
34570
34572
34575
34577
34578
34582
34585
34589
34598
34600
34602
34606
34607
34608
34609
34610
34613
34614
34618
34619
34621
34627
34629
34630
34635
34636
34638
34640
34641
34642
34643
34646
34647
34648
34650
34651
34652
34653
34656
34657
34661
34662
34666
34667
34668
34669
34673
34675
34680
34681
34682
34683
34686
34688
34691
34692
34693
34694
34695
34698
34699
34702
34703
34704
34705
34706
34709
34710
34711
34712
34713
34715
34716
34718
34719
34720
34724
34726
34727
34728
34730
34737
34742
34743
34745
34746
34747
34748
34751
34753
34755
34758
34760
34761
34765
34766
34771
34773
34776
34778
34779
34781
34791
34792
34793
34802
34804
34806
34807
34812
34814
34817
34818
34822
34839
34840
34844
34847
34864
34865
34866
34868
34872
34874
34884
34886
34887
34888
34891
34899
34910
34912
34913
34916
34921
34925
34926
34929
34940
34958
34963
34965
34968
34970
34971
34975
34977
34980
34982
34983
34986
34988
34990
34992
34993
34998
35002
35007
36000
36001
36002
36006
36007
36008
36009
36011
36012
36017
36021
36027
36034
36037
36045
36048
36049
36051
36055
36056
36057
36061
36064
36070
36071
36075
36077
36078
36080
36082
36085
36096
36097
36102
36105
36109
36115
36117
36122
36123
36129
36133
36136
36143
36154
36161
36163
36165
36171
36175
36181
36185
36200
36207
36220
36221
36226
36243
36244
36250
36251
36261
36264
36294
36299
36309
36310
36312
36323
36324
36327
36328
36329
36330
36331
36332
36333
36334
36335
36336
36338
36342
36345
36352
36353
36368
36395
36403
36404
36409
36413
36418
36420
36427
36430
36445
36447
36452
36471
36483
36489
36493
36513
36514
36515
36516
36527
36528
36532
36535
36546
36548
36565
36583
36589
36600
36631
36651
36652
36661
36675
36728
36731
36759
36771
36799
4216
4230
4299
4351
4405
4413
4475
4493
4498
4510
4514
4516
4540
4589
4621
4623
4663
4697
4879
4894
4900
4927
4979
4984
4991
4994
50002
50011
50025
50027
50104
50106
50108
50110
50135
50141
50151
50152
50157
50211
50250
50273
50302
50308
50410
50434
50518
50527
50528
50552
5072
5100
51022
51048
51054
51098
51101
5117
51187
51347
51351
5142
51423
51488
51489
51542
51565
51566
51620
51690
5178
51797
5180
5187
51938
51989
5201
52088
5210
5213
52209
52351
52412
52447
52455
52456
52469
52491
52587
52736
5308
5309
5326
53287
53330
53342
5340
53615
5459
5466
5467
5566
5567
5654
5669
5713
5719
5748
5768
5801
5851
5867
5875
5882
5900
5903
5937
5939
5947
5948
5949
5950
5956
5961
5963
6002
6005
6022
6029
6045
6130
6134
6175
6201
6226
6247
6248
6265
6282
6284
6286
6299
6300
6301
6317
6321
6343
6356
6407
6447
6506
6520
6529
6536
6549
6553
6560
6564
6594
6600
6645
6690
6726
6731
6742
6743
6760
6761
6766
6771
6774
6775
6776
6781
6786
6797
6801
6803
6804
6805
6806
6809
6810
6841
6844
6850
6856
6876
6882
6885
6888
6910
6915
6919
6921
6923
6925
6927
6929
6942
6943
6945
6962
6964
6969
6980
6981
6986
6988
6995
6997
7000
7008
7011
7012
7014
7033
7061
7063
7067
7080
7085
7093
7095
7097
7101
7102
7103
7112
7116
7117
7121
7122
7128
7129
7137
7147
7150
7151
7167
7170
7178
7180
7181
7182
7184
7185
7201
7223
7228
7229
7241
7243
7256
7257
7259
7260
7262
7266
7268
7269
7270
7271
7272
7274
7276
7282
7285
7287
7288
7291
7293
7298
7301
7302
7313
7314
7320
7323
7327
7339
7350
7351
7354
7362
7364
7365
7366
7377
7382
7383
7386
7396
7399
7400
7419
7420
7421
